"temp" <- 
list("debilt" = c(14.9, 13.699999999999999, 14.199999999999999, 15.300000000000001, 14.1, 
	18.100000000000001, 15.699999999999999, 17.199999999999999, 
	17.199999999999999, 17., 15.4, 17.800000000000001, 19.300000000000001,
	17., 15.4, 15.9, 15.800000000000001, 16.300000000000001, 
	18.899999999999999, 20.100000000000001)
, "eelde" = c(14.6, 13.4, 14.1, 14.9, 14.1, 17.5, 15.1, 17., 17.100000000000001, 
	16.699999999999999, 14.300000000000001, 16.800000000000001, 
	17.899999999999999, 15.699999999999999, 14.5, 14.9, 15., 
	15.699999999999999, 17.899999999999999, 18.399999999999999)
, "vlissingen" = c(15.6, 13.9, 14.5, 16.100000000000001, 14.4, 17.600000000000001, 16., 18.,
	16.800000000000001, 17., 15.699999999999999, 17.600000000000001, 
	19.699999999999999, 16.800000000000001, 15.5, 16.600000000000001, 
	15.800000000000001, 16.300000000000001, 18.399999999999999, 
	19.600000000000001)
, "terbeek" = c(14., 13.699999999999999, 13.9, 15.199999999999999, 13.800000000000001, 
	18.399999999999999, 16., 18., 17.300000000000001, 17.5, 
	15.699999999999999, 18.100000000000001, 20.100000000000001, 
	16.800000000000001, 15.5, 16.199999999999999, 15.5, 16.800000000000001,
	18.899999999999999, 20.399999999999999)
)